  778 base-pairs
...     1 G-C ...
    0.0000    0.0000    0.0000
    1.0000    0.0000    0.0000
    0.0000    1.0000    0.0000
    0.0000    0.0000    1.0000
...     2 T-A ...
   -0.0244   -0.5876    3.3885
    0.8523    0.5228   -0.0123
   -0.5227    0.8524    0.0151
    0.0183   -0.0064    0.9998
...     3 T-A ...
    0.2809   -0.7260    6.6484
    0.3933    0.9194   -0.0042
   -0.9180    0.3930    0.0540
    0.0513   -0.0174    0.9985
...     4 G-C ...
    0.3092   -0.4335   10.0242
   -0.2103    0.9751   -0.0710
   -0.9757   -0.2047    0.0786
    0.0621    0.0858    0.9944
...     5 T-A ...
    1.0982   -0.0464   13.3492
   -0.6901    0.7230   -0.0316
   -0.7208   -0.6828    0.1191
    0.0645    0.1049    0.9924
...     6 A-T ...
    1.1648    0.3502   16.6651
   -0.9847    0.1692   -0.0415
   -0.1734   -0.9744    0.1430
   -0.0163    0.1480    0.9889
...     7 A-T ...
    1.1186    0.9926   19.8783
   -0.9033   -0.4281    0.0266
    0.4282   -0.8964    0.1143
   -0.0251    0.1146    0.9931
...     8 A-T ...
    0.9497    1.5011   23.1113
   -0.4892   -0.8697    0.0655
    0.8720   -0.4867    0.0515
   -0.0129    0.0823    0.9965
...     9 A-T ...
    0.7590    1.8296   26.3663
    0.1048   -0.9926    0.0609
    0.9944    0.1036   -0.0224
    0.0159    0.0629    0.9979
...    10 C-G ...
    0.4170    1.6307   29.7826
    0.6087   -0.7931    0.0219
    0.7927    0.6069   -0.0573
    0.0322    0.0523    0.9981
...    11 G-C ...
    0.9617    2.2050   33.2291
    0.9504   -0.2988   -0.0864
    0.2967    0.9543   -0.0368
    0.0934    0.0093    0.9956
...    12 A-T ...
    1.1193    2.2508   36.5861
    0.9405    0.2976   -0.1637
   -0.2995    0.9540    0.0140
    0.1603    0.0358    0.9864
...    13 C-G ...
    2.1415    2.0653   39.8646
    0.6422    0.7517   -0.1503
   -0.7480    0.6574    0.0912
    0.1673    0.0539    0.9844
...    14 G-C ...
    2.2581    2.5999   43.3583
    0.0789    0.9870   -0.1398
   -0.9775    0.1041    0.1835
    0.1957    0.1222    0.9730
...    15 G-C ...
    3.3215    3.1725   46.4439
   -0.4811    0.8729   -0.0812
   -0.8591   -0.4509    0.2423
    0.1748    0.1863    0.9668
...    16 C-G ...
    3.9459    3.8643   49.6936
   -0.8840    0.4637    0.0590
   -0.4367   -0.8644    0.2491
    0.1665    0.1945    0.9667
...    17 C-G ...
    4.4445    4.9898   52.7701
   -0.9873   -0.0976    0.1250
    0.1216   -0.9719    0.2014
    0.1018    0.2141    0.9715
...    18 A-T ...
    4.8499    5.5452   56.0881
   -0.7443   -0.6569    0.1207
    0.6678   -0.7341    0.1230
    0.0078    0.1722    0.9850
...    19 G-C ...
    4.5720    6.0654   59.4294
   -0.2599   -0.9595    0.1088
    0.9656   -0.2583    0.0282
    0.0010    0.1124    0.9937
...    20 T-A ...
    4.0144    6.6216   62.7771
    0.2834   -0.9543    0.0953
    0.9590    0.2830   -0.0179
   -0.0099    0.0965    0.9953
...    21 G-C ...
    4.3163    6.7694   66.1490
    0.7805   -0.6244   -0.0307
    0.6233    0.7811   -0.0373
    0.0473    0.0100    0.9988
...    22 A-T ...
    4.3345    6.8732   69.5083
    0.9906   -0.0677   -0.1187
    0.0660    0.9977   -0.0182
    0.1196    0.0102    0.9928
...    23 A-T ...
    4.7361    6.7470   72.7583
    0.8438    0.5208   -0.1296
   -0.5220    0.8525    0.0274
    0.1247    0.0445    0.9912
...    24 T-A ...
    5.5399    6.4865   76.0888
    0.4539    0.8880   -0.0734
   -0.8844    0.4590    0.0841
    0.1084    0.0268    0.9938
...    25 T-A ...
    6.1628    6.6006   79.3041
   -0.1412    0.9899   -0.0142
   -0.9798   -0.1376    0.1454
    0.1419    0.0345    0.9893
...    26 C-G ...
    6.5393    7.0934   82.6074
   -0.6829    0.7303    0.0155
   -0.7176   -0.6747    0.1724
    0.1364    0.1067    0.9849
...    27 A-T ...
    6.9003    7.3054   85.9700
   -0.9801    0.1978    0.0137
   -0.1930   -0.9677    0.1623
    0.0453    0.1565    0.9866
...    28 G-C ...
    6.8205    8.0386   89.2818
   -0.9280   -0.3704    0.0406
    0.3726   -0.9203    0.1196
   -0.0070    0.1261    0.9920
...    29 A-T ...
    6.9275    8.5493   92.6020
   -0.5476   -0.8362    0.0295
    0.8357   -0.5447    0.0700
   -0.0424    0.0630    0.9971
...    30 G-C ...
    6.5064    8.6229   95.9678
   -0.0009   -1.0000    0.0029
    0.9994   -0.0008    0.0334
   -0.0334    0.0030    0.9994
...    31 C-G ...
    6.3324    8.5934   99.3440
    0.5639   -0.8258    0.0101
    0.8253    0.5640    0.0294
   -0.0300   -0.0082    0.9995
...    32 T-A ...
    6.0123    8.3396  102.7122
    0.9235   -0.3830   -0.0208
    0.3835    0.9216    0.0595
   -0.0036   -0.0629    0.9980
...    33 C-G ...
    6.3749    8.0213  106.0383
    0.9756    0.2160   -0.0394
   -0.2108    0.9718    0.1060
    0.0612   -0.0951    0.9936
...    34 T-A ...
    6.7085    7.4140  109.3597
    0.6986    0.7152   -0.0202
   -0.7051    0.6930    0.1504
    0.1216   -0.0909    0.9884
...    35 C-G ...
    7.3546    7.4181  112.6580
    0.1629    0.9866    0.0135
   -0.9709    0.1578    0.1800
    0.1754   -0.0424    0.9836
...    36 G-C ...
    7.3926    7.3144  116.1925
   -0.4403    0.8967    0.0447
   -0.8827   -0.4414    0.1614
    0.1645    0.0316    0.9859
...    37 G-C ...
    8.2015    7.7958  119.3696
   -0.8607    0.5055    0.0600
   -0.4962   -0.8594    0.1230
    0.1137    0.0762    0.9906
...    38 G-C ...
    8.5925    8.5111  122.5813
   -0.9973   -0.0525    0.0514
    0.0566   -0.9950    0.0826
    0.0468    0.0853    0.9953
...    39 C-G ...
    8.7078    8.8582  125.9422
   -0.7916   -0.6061    0.0780
    0.6100   -0.7913    0.0426
    0.0359    0.0813    0.9960
...    40 A-T ...
    8.9690    9.0167  129.3170
   -0.2989   -0.9542   -0.0109
    0.9540   -0.2990    0.0205
   -0.0229   -0.0042    0.9997
...    41 T-A ...
    8.3332    9.0610  132.6933
    0.2382   -0.9709    0.0247
    0.9710    0.2387    0.0167
   -0.0221    0.0200    0.9996
...    42 T-A ...
    8.0746    8.9283  135.9575
    0.7557   -0.6544    0.0269
    0.6535    0.7561    0.0339
   -0.0425   -0.0081    0.9991
...    43 C-G ...
    8.2540    8.6807  139.3045
    0.9945   -0.1039   -0.0150
    0.1046    0.9928    0.0580
    0.0089   -0.0592    0.9982
...    44 T-A ...
    8.3146    8.1678  142.6579
    0.8889    0.4574   -0.0262
   -0.4531    0.8861    0.0971
    0.0676   -0.0744    0.9949
...    45 C-G ...
    8.8651    8.1354  145.9733
    0.4656    0.8847   -0.0222
   -0.8748    0.4639    0.1398
    0.1340   -0.0457    0.9899
...    46 C-G ...
    9.7974    8.0212  149.1510
   -0.0979    0.9952   -0.0040
   -0.9833   -0.0961    0.1548
    0.1537    0.0191    0.9879
...    47 C-G ...
   10.6923    8.3857  152.3205
   -0.6289    0.7772    0.0195
   -0.7657   -0.6236    0.1574
    0.1345    0.0840    0.9873
...    48 G-C ...
   10.7456    8.2778  155.8547
   -0.9632    0.2665    0.0364
   -0.2591   -0.9557    0.1396
    0.0720    0.1251    0.9895
...    49 C-G ...
   10.9666    8.7694  159.1922
   -0.9420   -0.3211    0.0978
    0.3302   -0.9388    0.0981
    0.0603    0.1247    0.9904
...    50 C-G ...
   10.7768    9.4919  162.4205
   -0.6097   -0.7892    0.0734
    0.7926   -0.6073    0.0544
    0.0016    0.0913    0.9958
...    51 C-G ...
   10.2860    9.8416  165.6788
   -0.0759   -0.9967    0.0287
    0.9967   -0.0750    0.0312
   -0.0290    0.0310    0.9991
...    52 T-A ...
    9.8759    9.9064  169.0462
    0.4816   -0.8764   -0.0042
    0.8754    0.4808    0.0509
   -0.0426   -0.0282    0.9987
...    53 G-C ...
   10.0979    9.7088  172.4217
    0.8973   -0.4355   -0.0728
    0.4403    0.8946    0.0761
    0.0320   -0.1003    0.9944
...    54 G-C ...
   10.2159    8.9150  175.6366
    0.9876    0.1318   -0.0853
   -0.1215    0.9858    0.1159
    0.0994   -0.1041    0.9896
...    55 A-T ...
   10.4016    8.5126  178.9682
    0.7326    0.6764   -0.0755
   -0.6640    0.7347    0.1388
    0.1494   -0.0516    0.9874
...    56 G-C ...
   11.2069    8.4049  182.2624
    0.2428    0.9689   -0.0469
   -0.9575    0.2471    0.1485
    0.1555    0.0088    0.9878
...    57 A-T ...
   11.7233    8.2773  185.5810
   -0.3573    0.9336   -0.0253
   -0.9256   -0.3503    0.1437
    0.1253    0.0748    0.9893
...    58 A-T ...
   12.2727    8.5971  188.7959
   -0.8290    0.5579    0.0402
   -0.5517   -0.8274    0.1055
    0.0921    0.0653    0.9936
...    59 T-A ...
   12.7965    9.3358  192.1104
   -0.9924    0.0498    0.1122
   -0.0429   -0.9971    0.0629
    0.1151    0.0577    0.9917
...    60 C-G ...
   12.7940    9.5041  195.4671
   -0.8439   -0.5316    0.0719
    0.5347   -0.8444    0.0329
    0.0432    0.0662    0.9969
...    61 T-A ...
   12.7216    9.9546  198.8292
   -0.4164   -0.9086    0.0329
    0.9091   -0.4156    0.0287
   -0.0124    0.0419    0.9990
...    62 T-A ...
   12.4119   10.0519  202.0902
    0.1857   -0.9818    0.0406
    0.9815    0.1873    0.0390
   -0.0459    0.0326    0.9984
...    63 G-C ...
   12.5729    9.9512  205.4735
    0.7175   -0.6952   -0.0431
    0.6966    0.7163    0.0407
    0.0026   -0.0592    0.9982
...    64 G-C ...
   12.4494    9.3092  208.7219
    0.9794   -0.1853   -0.0801
    0.1909    0.9791    0.0702
    0.0655   -0.0840    0.9943
...    65 T-A ...
   12.5351    8.4537  212.0518
    0.9338    0.3550   -0.0438
   -0.3482    0.9301    0.1167
    0.0822   -0.0937    0.9922
...    66 G-C ...
   12.9658    8.4848  215.4128
    0.5528    0.8306   -0.0667
   -0.8171    0.5560    0.1524
    0.1637   -0.0298    0.9861
...    67 C-G ...
   13.5908    8.3831  218.7337
   -0.0070    0.9998    0.0200
   -0.9859   -0.0102    0.1669
    0.1671   -0.0186    0.9858
...    68 C-G ...
   14.5545    8.5890  221.8973
   -0.5553    0.8303    0.0463
   -0.8173   -0.5552    0.1543
    0.1539    0.0478    0.9869
...    69 G-C ...
   14.6416    8.3922  225.4270
   -0.9344    0.3518    0.0564
   -0.3433   -0.9313    0.1216
    0.0953    0.0943    0.9910
...    70 A-T ...
   15.1167    8.6854  228.7413
   -0.9676   -0.2487    0.0437
    0.2511   -0.9659    0.0626
    0.0267    0.0716    0.9971
...    71 A-T ...
   15.1441    9.0678  231.9959
   -0.6451   -0.7624    0.0496
    0.7634   -0.6460   -0.0007
    0.0325    0.0374    0.9988
...    72 G-C ...
   14.9614    9.0904  235.3838
   -0.1264   -0.9918   -0.0189
    0.9914   -0.1257   -0.0367
    0.0341   -0.0233    0.9991
...    73 C-G ...
   15.0110    8.9799  238.7624
    0.4551   -0.8892   -0.0475
    0.8897    0.4562   -0.0162
    0.0361   -0.0349    0.9987
...    74 C-G ...
   14.8712    8.4389  242.0285
    0.8642   -0.4908   -0.1109
    0.4972    0.8668    0.0382
    0.0774   -0.0882    0.9931
...    75 G-C ...
   15.3891    8.6602  245.5196
    0.9845    0.1071   -0.1390
   -0.0910    0.9889    0.1178
    0.1501   -0.1033    0.9833
...    76 C-G ...
   15.9409    8.2550  248.8303
    0.7594    0.6479   -0.0592
   -0.6304    0.7553    0.1791
    0.1607   -0.0987    0.9821
...    77 T-A ...
   16.7263    7.7297  252.0889
    0.2843    0.9587    0.0036
   -0.9351    0.2764    0.2219
    0.2118   -0.0665    0.9751
...    78 C-G ...
   17.5027    7.8915  255.3550
   -0.3129    0.9468    0.0746
   -0.9199   -0.3217    0.2245
    0.2365    0.0016    0.9716
...    79 A-T ...
   18.1520    7.8022  258.6796
   -0.8046    0.5865    0.0929
   -0.5675   -0.8055    0.1707
    0.1750    0.0847    0.9809
...    80 A-T ...
   18.7980    8.2193  261.8652
   -0.9882    0.0115    0.1525
   -0.0024   -0.9982    0.0595
    0.1529    0.0584    0.9865
...    81 T-A ...
   19.2079    8.9681  265.1935
   -0.8426   -0.5060    0.1842
    0.5090   -0.8601   -0.0345
    0.1759    0.0647    0.9823
...    82 T-A ...
   19.5416    9.3009  268.4365
   -0.3939   -0.9103    0.1275
    0.9079   -0.4069   -0.1006
    0.1435    0.0762    0.9867
...    83 G-C ...
   20.1661    9.2049  271.7657
    0.1849   -0.9814   -0.0511
    0.9740    0.1899   -0.1238
    0.1312   -0.0268    0.9910
...    84 G-C ...
   20.2338    8.8247  275.0566
    0.6777   -0.7140   -0.1762
    0.7160    0.6952   -0.0633
    0.1677   -0.0832    0.9823
...    85 T-A ...
   20.3648    8.1516  278.4267
    0.9499   -0.2440   -0.1953
    0.2587    0.9645    0.0529
    0.1755   -0.1008    0.9793
...    86 C-G ...
   21.3301    7.7626  281.6226
    0.9158    0.3564   -0.1851
   -0.3202    0.9262    0.1991
    0.2424   -0.1231    0.9623
...    87 G-C ...
   21.9445    7.8559  285.1038
    0.5430    0.8332   -0.1043
   -0.7844    0.5477    0.2912
    0.2997   -0.0763    0.9510
...    88 T-A ...
   23.4078    7.2552  288.1576
    0.0491    0.9975    0.0517
   -0.9479    0.0302    0.3170
    0.3147   -0.0646    0.9470
...    89 A-T ...
   24.3923    7.1778  291.3484
   -0.5466    0.8246    0.1460
   -0.7853   -0.5653    0.2524
    0.2907    0.0233    0.9565
...    90 G-C ...
   25.3504    7.5664  294.5799
   -0.9022    0.3810    0.2021
   -0.3625   -0.9238    0.1231
    0.2336    0.0378    0.9716
...    91 C-G ...
   26.1265    7.7658  297.8643
   -0.9519   -0.2076    0.2255
    0.2111   -0.9774   -0.0091
    0.2223    0.0389    0.9742
...    92 A-T ...
   26.9540    7.7318  301.1501
   -0.6761   -0.7322    0.0818
    0.7245   -0.6809   -0.1070
    0.1340   -0.0131    0.9909
...    93 A-T ...
   27.2636    7.7818  304.4122
   -0.1362   -0.9905   -0.0172
    0.9782   -0.1317   -0.1608
    0.1570   -0.0388    0.9868
...    94 G-C ...
   27.6046    7.4055  307.7668
    0.4088   -0.8983   -0.1612
    0.8926    0.4304   -0.1344
    0.1901   -0.0889    0.9777
...    95 C-G ...
   28.2088    7.0431  311.0733
    0.8393   -0.4973   -0.2198
    0.5065    0.8621   -0.0165
    0.1977   -0.0975    0.9754
...    96 T-A ...
   28.7735    6.4165  314.3597
    0.9697    0.0586   -0.2372
   -0.0243    0.9891    0.1452
    0.2431   -0.1350    0.9606
...    97 C-G ...
   29.9599    6.0317  317.4807
    0.7667    0.6203   -0.1657
   -0.5607    0.7726    0.2978
    0.3127   -0.1355    0.9401
...    98 T-A ...
   31.2378    5.3750  320.5544
    0.3215    0.9467   -0.0188
   -0.8745    0.3044    0.3777
    0.3633   -0.1050    0.9257
...    99 A-T ...
   32.4271    5.1766  323.6693
   -0.2887    0.9489    0.1270
   -0.8852   -0.3152    0.3423
    0.3648   -0.0136    0.9310
...   100 C-G ...
   33.9445    5.6190  326.7237
   -0.7154    0.6444    0.2701
   -0.6059   -0.7647    0.2194
    0.3479   -0.0067    0.9375
...   101 C-G ...
   35.1535    6.0905  329.7726
   -0.9504    0.1204    0.2869
   -0.1074   -0.9924    0.0604
    0.2919    0.0266    0.9561
...   102 A-T ...
   36.1599    5.9992  333.0070
   -0.8641   -0.4726    0.1733
    0.4648   -0.8813   -0.0857
    0.1932    0.0065    0.9811
...   103 C-G ...
   36.2927    6.2319  336.4357
   -0.4971   -0.8635    0.0850
    0.8467   -0.5042   -0.1700
    0.1896   -0.0125    0.9818
...   104 C-G ...
   36.4241    6.1781  339.7462
    0.0360   -0.9959   -0.0834
    0.9853    0.0493   -0.1633
    0.1667   -0.0763    0.9831
...   105 G-C ...
   37.5781    5.9891  343.0835
    0.5860   -0.7764   -0.2321
    0.7874    0.6132   -0.0629
    0.1912   -0.1459    0.9707
...   106 C-G ...
   38.1993    5.4277  346.3590
    0.9261   -0.2928   -0.2379
    0.3197    0.9439    0.0825
    0.2004   -0.1525    0.9678
...   107 T-A ...
   38.8363    4.6031  349.5879
    0.9403    0.2768   -0.1980
   -0.2280    0.9442    0.2377
    0.2527   -0.1784    0.9510
...   108 T-A ...
   39.8527    3.8459  352.6100
    0.6348    0.7722   -0.0269
   -0.7203    0.6040    0.3411
    0.2797   -0.1971    0.9396
...   109 A-T ...
   40.8174    3.3391  355.7673
    0.0610    0.9933    0.0977
   -0.9477    0.0269    0.3180
    0.3132   -0.1120    0.9431
...   110 A-T ...
   41.9942    2.9890  358.8058
   -0.5047    0.8286    0.2423
   -0.8165   -0.5493    0.1778
    0.2804   -0.1081    0.9538
...   111 A-T ...
   43.0310    2.7395  361.9045
   -0.8897    0.3613    0.2791
   -0.3817   -0.9241   -0.0204
    0.2505   -0.1247    0.9601
...   112 C-G ...
   43.7185    2.8542  365.2723
   -0.9624   -0.1727    0.2096
    0.1382   -0.9758   -0.1695
    0.2338   -0.1341    0.9630
...   113 G-C ...
   44.6610    1.8261  368.5219
   -0.7199   -0.6940    0.0041
    0.6735   -0.7000   -0.2375
    0.1677   -0.1682    0.9714
...   114 C-G ...
   45.1581    1.2729  371.8198
   -0.2157   -0.9661   -0.1416
    0.9629   -0.1864   -0.1949
    0.1619   -0.1784    0.9705
...   115 A-T ...
   45.8859    0.6746  375.0748
    0.3594   -0.8755   -0.3230
    0.9174    0.3948   -0.0493
    0.1706   -0.2786    0.9451
...   116 C-G ...
   46.1963   -0.7664  378.1820
    0.7827   -0.5348   -0.3184
    0.5930    0.7961    0.1208
    0.1888   -0.2833    0.9402
...   117 G-C ...
   47.1626   -1.2648  381.5469
    0.9656    0.0445   -0.2563
    0.0367    0.9521    0.3037
    0.2575   -0.3026    0.9177
...   118 T-A ...
   47.9902   -2.8507  384.4842
    0.8390    0.5394   -0.0710
   -0.4695    0.7837    0.4066
    0.2750   -0.3079    0.9108
...   119 A-T ...
   48.9861   -3.7449  387.5445
    0.3733    0.9219    0.1034
   -0.8657    0.3061    0.3960
    0.3334   -0.2374    0.9124
...   120 A-T ...
   50.2225   -4.5513  390.4703
   -0.2029    0.9344    0.2927
   -0.9307   -0.2769    0.2389
    0.3043   -0.2240    0.9259
...   121 G-C ...
   51.3419   -5.0138  393.6396
   -0.6945    0.6447    0.3194
   -0.6720   -0.7398    0.0321
    0.2570   -0.1924    0.9471
...   122 G-C ...
   52.3118   -5.1986  396.8027
   -0.9641    0.1469    0.2212
   -0.1797   -0.9743   -0.1359
    0.1956   -0.1708    0.9657
...   123 G-C ...
   52.8179   -5.3239  400.0750
   -0.9161   -0.3982    0.0463
    0.3791   -0.8982   -0.2227
    0.1302   -0.1864    0.9738
...   124 C-G ...
   53.1986   -5.9150  403.3818
   -0.5434   -0.8337   -0.0984
    0.8306   -0.5171   -0.2065
    0.1213   -0.1940    0.9735
...   125 T-A ...
   53.3177   -6.4636  406.7279
   -0.0071   -0.9710   -0.2392
    0.9967    0.0125   -0.0802
    0.0809   -0.2389    0.9677
...   126 G-C ...
   53.8583   -7.5230  409.9009
    0.5567   -0.7597   -0.3360
    0.8234    0.5582    0.1021
    0.1100   -0.3335    0.9363
...   127 T-A ...
   53.7335   -8.9627  413.0217
    0.9037   -0.3516   -0.2445
    0.4125    0.8679    0.2768
    0.1148   -0.3510    0.9293
...   128 C-G ...
   54.4852  -10.2328  416.0413
    0.9692    0.2273   -0.0947
   -0.1703    0.8967    0.4086
    0.1778   -0.3799    0.9078
...   129 C-G ...
   55.3942  -11.7980  418.8169
    0.7050    0.7038    0.0876
   -0.6674    0.6167    0.4174
    0.2397   -0.3527    0.9045
...   130 C-G ...
   56.6476  -13.0303  421.6258
    0.2088    0.9468    0.2447
   -0.9377    0.1228    0.3250
    0.2777   -0.2973    0.9135
...   131 C-G ...
   58.0098  -13.8079  424.5446
   -0.3557    0.8763    0.3249
   -0.8919   -0.4222    0.1621
    0.2792   -0.2322    0.9318
...   132 C-G ...
   59.2094  -14.1594  427.6134
   -0.8021    0.5154    0.3017
   -0.5452   -0.8381   -0.0177
    0.2437   -0.1786    0.9533
...   133 G-C ...
   59.7804  -15.2957  430.9130
   -0.9846   -0.0516    0.1673
    0.0233   -0.9857   -0.1669
    0.1735   -0.1604    0.9717
...   134 C-G ...
   60.3264  -15.7797  434.2140
   -0.8013   -0.5974    0.0330
    0.5758   -0.7849   -0.2288
    0.1626   -0.1644    0.9729
...   135 G-C ...
   61.2677  -16.7815  437.4722
   -0.3313   -0.9273   -0.1746
    0.9361   -0.2998   -0.1838
    0.1180   -0.2243    0.9673
...   136 T-A ...
   61.1256  -17.3427  440.8623
    0.2057   -0.9444   -0.2567
    0.9729    0.2257   -0.0508
    0.1059   -0.2393    0.9651
...   137 T-A ...
   61.2798  -18.3155  443.9879
    0.7299   -0.6394   -0.2417
    0.6783    0.7212    0.1402
    0.0846   -0.2663    0.9602
...   138 T-A ...
   61.5092  -19.4444  447.0558
    0.9874   -0.1041   -0.1189
    0.1346    0.9484    0.2872
    0.0829   -0.2996    0.9505
...   139 T-A ...
   61.8952  -20.6549  450.0767
    0.8833    0.4641    0.0662
   -0.4577    0.8232    0.3358
    0.1013   -0.3270    0.9396
...   140 A-T ...
   62.3187  -21.6200  453.2462
    0.4309    0.8864    0.1694
   -0.8873    0.3818    0.2588
    0.1647   -0.2618    0.9510
...   141 A-T ...
   63.0076  -22.5191  456.3213
   -0.1646    0.9497    0.2664
   -0.9771   -0.1940    0.0879
    0.1352   -0.2459    0.9598
...   142 C-G ...
   63.8322  -22.9171  459.6363
   -0.6534    0.7126    0.2555
   -0.7477   -0.6603   -0.0706
    0.1184   -0.2371    0.9642
...   143 C-G ...
   64.3657  -23.2268  462.8920
   -0.9618    0.2488    0.1144
   -0.2659   -0.9482   -0.1737
    0.0653   -0.1974    0.9781
...   144 G-C ...
   64.4850  -24.4800  466.1965
   -0.9406   -0.3307   -0.0768
    0.3394   -0.9222   -0.1856
   -0.0095   -0.2007    0.9796
...   145 C-G ...
   64.3950  -25.1151  469.5159
   -0.5845   -0.7914   -0.1792
    0.8112   -0.5751   -0.1064
   -0.0188   -0.2075    0.9780
...   146 C-G ...
   63.8360  -25.7586  472.7179
   -0.0434   -0.9622   -0.2689
    0.9979   -0.0545    0.0341
   -0.0475   -0.2669    0.9626
...   147 A-T ...
   63.8545  -26.6332  475.9916
    0.5405   -0.7880   -0.2948
    0.8411    0.4979    0.2111
   -0.0195   -0.3621    0.9319
...   148 A-T ...
   63.6683  -27.9137  479.0024
    0.9273   -0.3473   -0.1395
    0.3741    0.8712    0.3178
    0.0112   -0.3469    0.9378
...   149 G-C ...
   63.8964  -29.3153  482.0839
    0.9789    0.2043   -0.0001
   -0.1925    0.9227    0.3339
    0.0683   -0.3268    0.9426
...   150 A-T ...
   63.9814  -30.4745  485.2375
    0.6873    0.7161    0.1218
   -0.7172    0.6427    0.2694
    0.1146   -0.2725    0.9553
...   151 G-C ...
   64.6654  -31.3034  488.4557
    0.1780    0.9653    0.1911
   -0.9771    0.1504    0.1506
    0.1166   -0.2136    0.9699
...   152 G-C ...
   65.4909  -31.8561  491.6168
   -0.3929    0.9023    0.1773
   -0.9139   -0.4045    0.0337
    0.1022   -0.1488    0.9836
...   153 A-T ...
   65.9245  -32.4812  494.8906
   -0.8493    0.5197    0.0933
   -0.5266   -0.8465   -0.0786
    0.0382   -0.1159    0.9925
...   154 T-A ...
   66.2494  -32.3503  498.3086
   -0.9981    0.0031    0.0623
   -0.0106   -0.9925   -0.1220
    0.0614   -0.1224    0.9906
...   155 T-A ...
   66.3048  -32.5231  501.5807
   -0.8208   -0.5708   -0.0226
    0.5699   -0.8154   -0.1012
    0.0393   -0.0959    0.9946
...   156 A-T ...
   66.3677  -32.9829  504.8885
   -0.3267   -0.9307   -0.1643
    0.9450   -0.3247   -0.0401
   -0.0160   -0.1684    0.9856
...   157 C-G ...
   65.7796  -33.7559  508.1876
    0.2157   -0.9599   -0.1791
    0.9764    0.2110    0.0454
   -0.0058   -0.1846    0.9828
...   158 T-A ...
   65.4726  -34.5053  511.4824
    0.7135   -0.6798   -0.1696
    0.7007    0.6917    0.1751
   -0.0017   -0.2438    0.9698
...   159 C-G ...
   65.7739  -35.5526  514.6618
    0.9845   -0.1482   -0.0937
    0.1691    0.9437    0.2844
    0.0463   -0.2959    0.9541
...   160 C-G ...
   66.1122  -36.9611  517.6420
    0.9116    0.4107    0.0176
   -0.3950    0.8633    0.3140
    0.1138   -0.2932    0.9492
...   161 C-G ...
   66.8917  -38.1801  520.6230
    0.5381    0.8333    0.1270
   -0.8257    0.4909    0.2779
    0.1692   -0.2544    0.9522
...   162 C-G ...
   67.9375  -39.0031  523.6576
   -0.0127    0.9800    0.1985
   -0.9809   -0.0508    0.1879
    0.1943   -0.1923    0.9619
...   163 A-T ...
   68.4210  -39.7016  526.9379
   -0.5909    0.7878    0.1738
   -0.7906   -0.6084    0.0696
    0.1606   -0.0962    0.9823
...   164 G-C ...
   68.9285  -39.7201  530.2926
   -0.9344    0.3340    0.1243
   -0.3416   -0.9388   -0.0454
    0.1016   -0.0849    0.9912
...   165 T-A ...
   69.4961  -39.4643  533.6749
   -0.9762   -0.2051    0.0701
    0.1987   -0.9760   -0.0888
    0.0866   -0.0727    0.9936
...   166 C-G ...
   69.4155  -39.8292  537.0151
   -0.6911   -0.7211   -0.0494
    0.7226   -0.6879   -0.0676
    0.0148   -0.0824    0.9965
...   167 T-A ...
   69.1988  -39.9410  540.3992
   -0.1847   -0.9750   -0.1234
    0.9822   -0.1874    0.0105
   -0.0333   -0.1192    0.9923
...   168 C-G ...
   69.0587  -40.7252  543.6644
    0.4113   -0.8989   -0.1511
    0.9101    0.3955    0.1239
   -0.0516   -0.1885    0.9807
...   169 C-G ...
   68.6115  -41.7463  546.7848
    0.8442   -0.5225   -0.1197
    0.5359    0.8173    0.2117
   -0.0127   -0.2429    0.9700
...   170 A-T ...
   68.6302  -42.4022  550.1093
    0.9952    0.0664   -0.0725
   -0.0444    0.9614    0.2715
    0.0877   -0.2669    0.9597
...   171 G-C ...
   69.2007  -43.4366  553.2899
    0.8033    0.5948    0.0295
   -0.5810    0.7719    0.2583
    0.1309   -0.2246    0.9656
...   172 G-C ...
   70.0451  -44.3632  556.3571
    0.3447    0.9332    0.1015
   -0.9240    0.3182    0.2122
    0.1658   -0.1669    0.9719
...   173 C-G ...
   70.6754  -44.9099  559.6333
   -0.2391    0.9517    0.1927
   -0.9566   -0.2649    0.1212
    0.1664   -0.1554    0.9737
...   174 A-T ...
   71.0779  -45.5204  562.9420
   -0.7586    0.6385    0.1297
   -0.6420   -0.7665    0.0186
    0.1113   -0.0692    0.9914
...   175 C-G ...
   71.4556  -45.1840  566.3438
   -0.9842    0.1449    0.1021
   -0.1513   -0.9868   -0.0584
    0.0923   -0.0729    0.9931
...   176 G-C ...
   71.7369  -46.0203  569.7682
   -0.8946   -0.4463   -0.0214
    0.4464   -0.8909   -0.0841
    0.0185   -0.0847    0.9962
...   177 C-G ...
   71.7367  -46.2700  573.1396
   -0.4864   -0.8704   -0.0762
    0.8737   -0.4835   -0.0539
    0.0100   -0.0928    0.9956
...   178 G-C ...
   72.3043  -46.8334  576.5843
    0.1077   -0.9805   -0.1641
    0.9942    0.1054    0.0226
   -0.0049   -0.1656    0.9862
...   179 T-A ...
   71.7010  -47.4324  579.9167
    0.6117   -0.7786   -0.1401
    0.7911    0.5999    0.1199
   -0.0093   -0.1842    0.9829
...   180 C-G ...
   71.9415  -48.3229  583.1486
    0.9531   -0.2849   -0.1018
    0.3010    0.9272    0.2229
    0.0309   -0.2431    0.9695
...   181 A-T ...
   72.0618  -48.9692  586.4728
    0.9451    0.3228   -0.0515
   -0.2979    0.9155    0.2703
    0.1344   -0.2402    0.9614
...   182 G-C ...
   72.8162  -49.8371  589.6649
    0.6207    0.7827    0.0463
   -0.7665    0.5933    0.2458
    0.1649   -0.1881    0.9682
...   183 A-T ...
   73.2997  -50.6087  592.9002
    0.0603    0.9923    0.1078
   -0.9845    0.0413    0.1705
    0.1647   -0.1164    0.9794
...   184 T-A ...
   74.4066  -50.9160  596.1384
   -0.4547    0.8671    0.2034
   -0.8743   -0.4781    0.0835
    0.1697   -0.1399    0.9755
...   185 A-T ...
   74.8443  -51.3009  599.4273
   -0.8953    0.4268    0.1277
   -0.4331   -0.9010   -0.0247
    0.1045   -0.0774    0.9915
...   186 T-A ...
   75.3377  -51.0201  602.8160
   -0.9874   -0.1037    0.1196
    0.0927   -0.9913   -0.0938
    0.1283   -0.0815    0.9884
...   187 A-T ...
   75.6383  -51.3816  606.1229
   -0.7496   -0.6604   -0.0452
    0.6604   -0.7415   -0.1181
    0.0445   -0.1184    0.9920
...   188 T-A ...
   75.3423  -51.4480  609.5454
   -0.2977   -0.9516   -0.0766
    0.9529   -0.2913   -0.0841
    0.0577   -0.0981    0.9935
...   189 A-T ...
   75.5667  -51.9268  612.8434
    0.3175   -0.9274   -0.1975
    0.9464    0.3229    0.0055
    0.0586   -0.1887    0.9803
...   190 C-G ...
   75.4692  -53.0506  616.0923
    0.7642   -0.6183   -0.1834
    0.6404    0.7613    0.1017
    0.0768   -0.1952    0.9778
...   191 A-T ...
   75.8124  -53.5511  619.4261
    0.9810   -0.0483   -0.1880
    0.0896    0.9718    0.2180
    0.1722   -0.2307    0.9577
...   192 T-A ...
   76.4557  -54.8734  622.5315
    0.8892    0.4568   -0.0255
   -0.4327    0.8577    0.2776
    0.1486   -0.2358    0.9604
...   193 C-G ...
   77.2778  -55.4462  625.7397
    0.4729    0.8771    0.0834
   -0.8545    0.4335    0.2861
    0.2148   -0.2066    0.9546
...   194 C-G ...
   78.4680  -56.0766  628.7672
   -0.0857    0.9823    0.1664
   -0.9682   -0.1215    0.2187
    0.2350   -0.1423    0.9615
...   195 T-A ...
   79.5552  -56.4578  631.9585
   -0.6106    0.7622    0.2149
   -0.7552   -0.6421    0.1316
    0.2383   -0.0820    0.9677
...   196 G-C ...
   79.9904  -56.7053  635.3099
   -0.9528    0.2610    0.1549
   -0.2618   -0.9650    0.0158
    0.1536   -0.0255    0.9878
...   197 T-A ...
   80.6878  -56.2310  638.6440
   -0.9509   -0.2817    0.1281
    0.2772   -0.9594   -0.0526
    0.1378   -0.0145    0.9904
...   198 G-C ...
   80.9739  -56.6149  641.9986
   -0.6290   -0.7770   -0.0234
    0.7757   -0.6254   -0.0847
    0.0512   -0.0715    0.9961
...   199 C-G ...
   81.0746  -56.8490  645.3697
   -0.0817   -0.9936   -0.0783
    0.9956   -0.0776   -0.0532
    0.0468   -0.0823    0.9955
...   200 A-T ...
   81.4133  -57.1019  648.7318
    0.4986   -0.8451   -0.1929
    0.8640    0.5026    0.0314
    0.0704   -0.1823    0.9807
...   201 T-A ...
   81.2317  -58.0904  652.0175
    0.8756   -0.4664   -0.1257
    0.4802    0.8689    0.1204
    0.0531   -0.1658    0.9847
...   202 G-C ...
   81.7735  -58.5371  655.3325
    0.9824    0.1340   -0.1305
   -0.1059    0.9736    0.2022
    0.1542   -0.1848    0.9706
...   203 T-A ...
   82.3342  -59.7386  658.5058
    0.7800    0.6255   -0.0175
   -0.6014    0.7571    0.2552
    0.1728   -0.1885    0.9667
...   204 A-T ...
   82.9712  -60.2250  661.7483
    0.2570    0.9650    0.0523
   -0.9404    0.2373    0.2438
    0.2228   -0.1118    0.9684
...   205 T-A ...
   84.2727  -60.6275  664.9027
   -0.2622    0.9454    0.1936
   -0.9389   -0.2963    0.1751
    0.2229   -0.1359    0.9653
...   206 T-A ...
   85.1763  -60.8637  668.0439
   -0.7574    0.6006    0.2564
   -0.6066   -0.7924    0.0644
    0.2419   -0.1068    0.9644
...   207 G-C ...
   85.6248  -61.2784  671.3770
   -0.9875    0.0459    0.1505
   -0.0559   -0.9964   -0.0631
    0.1471   -0.0707    0.9866
...   208 A-T ...
   86.2723  -61.4900  674.6682
   -0.8513   -0.5244    0.0160
    0.5171   -0.8439   -0.1428
    0.0884   -0.1133    0.9896
...   209 A-T ...
   86.4619  -61.7377  677.9304
   -0.3980   -0.9128   -0.0915
    0.9115   -0.3822   -0.1520
    0.1037   -0.1439    0.9841
...   210 C-G ...
   86.2682  -62.3961  681.3004
    0.1353   -0.9751   -0.1755
    0.9844    0.1524   -0.0880
    0.1126   -0.1608    0.9805
...   211 T-A ...
   86.3535  -63.0481  684.6290
    0.6452   -0.7256   -0.2393
    0.7559    0.6519    0.0613
    0.1115   -0.2205    0.9690
...   212 C-G ...
   87.0088  -64.0370  687.7737
    0.9536   -0.2098   -0.2158
    0.2585    0.9381    0.2306
    0.1540   -0.2757    0.9488
...   213 G-C ...
   87.6505  -64.4416  691.2276
    0.9141    0.3903   -0.1101
   -0.3358    0.8806    0.3343
    0.2274   -0.2686    0.9360
...   214 G-C ...
   88.7344  -65.6021  694.1359
    0.5647    0.8248    0.0284
   -0.7780    0.5205    0.3518
    0.2754   -0.2208    0.9356
...   215 G-C ...
   90.0824  -66.3621  697.0659
    0.0282    0.9877    0.1537
   -0.9566   -0.0179    0.2907
    0.2899   -0.1552    0.9444
...   216 C-G ...
   91.1217  -66.8465  700.2462
   -0.5202    0.8067    0.2804
   -0.8045   -0.5731    0.1564
    0.2869   -0.1442    0.9470
...   217 A-T ...
   91.9700  -67.4684  703.4674
   -0.9122    0.3431    0.2239
   -0.3528   -0.9357   -0.0036
    0.2083   -0.0823    0.9746
...   218 T-A ...
   92.7690  -67.1941  706.7979
   -0.9579   -0.1934    0.2124
    0.1695   -0.9775   -0.1254
    0.2318   -0.0841    0.9691
...   219 T-A ...
   93.3458  -67.2742  710.0228
   -0.6843   -0.7226    0.0980
    0.6996   -0.6884   -0.1914
    0.2058   -0.0624    0.9766
...   220 C-G ...
   93.7979  -67.7928  713.3127
   -0.1728   -0.9814   -0.0842
    0.9731   -0.1569   -0.1685
    0.1522   -0.1110    0.9821
...   221 T-A ...
   94.0009  -68.1815  716.6771
    0.3794   -0.9018   -0.2069
    0.9157    0.3981   -0.0558
    0.1326   -0.1683    0.9768
...   222 C-G ...
   94.6306  -69.0755  719.8552
    0.8260   -0.5019   -0.2564
    0.5419    0.8324    0.1164
    0.1550   -0.2351    0.9595
...   223 C-G ...
   95.1254  -70.3304  722.8818
    0.9763    0.0507   -0.2105
    0.0065    0.9649    0.2624
    0.2164   -0.2575    0.9417
...   224 C-G ...
   96.0878  -71.5700  725.8002
    0.8052    0.5860   -0.0912
   -0.5223    0.7735    0.3590
    0.2809   -0.2415    0.9289
...   225 G-C ...
   96.7243  -71.9896  729.2532
    0.3337    0.9403    0.0668
   -0.8846    0.2879    0.3668
    0.3257   -0.1815    0.9279
...   226 C-G ...
   97.8924  -72.5833  732.3697
   -0.2278    0.9406    0.2519
   -0.9174   -0.2940    0.2682
    0.3263   -0.1700    0.9298
...   227 C-G ...
   99.2908  -72.7685  735.3680
   -0.7122    0.6352    0.2988
   -0.6352   -0.7644    0.1111
    0.2990   -0.1107    0.9478
...   228 C-G ...
  100.3526  -72.6402  738.5042
   -0.9606    0.1194    0.2510
   -0.1350   -0.9898   -0.0457
    0.2429   -0.0778    0.9669
...   229 T-A ...
  101.1542  -72.5901  741.8007
   -0.8885   -0.4366    0.1413
    0.4194   -0.8976   -0.1358
    0.1861   -0.0614    0.9806
...   230 G-C ...
  101.6582  -73.1564  745.1034
   -0.5016   -0.8631   -0.0594
    0.8581   -0.4877   -0.1607
    0.1097   -0.1316    0.9852
...   231 G-C ...
  101.5540  -73.5742  748.3888
    0.0426   -0.9783   -0.2029
    0.9940    0.0619   -0.0897
    0.1003   -0.1979    0.9751
...   232 A-T ...
  101.8515  -74.0902  751.6967
    0.5933   -0.7517   -0.2878
    0.7913    0.6103    0.0372
    0.1477   -0.2498    0.9570
...   233 G-C ...
  102.3860  -75.2315  754.8468
    0.9183   -0.2820   -0.2780
    0.3380    0.9239    0.1795
    0.2063   -0.2588    0.9437
...   234 A-T ...
  102.9260  -76.0875  758.0518
    0.9296    0.3135   -0.1939
   -0.2477    0.9208    0.3012
    0.2729   -0.2320    0.9336
...   235 A-T ...
  103.8781  -76.9865  761.0559
    0.6094    0.7929   -0.0051
   -0.7466    0.5759    0.3329
    0.2669   -0.1991    0.9429
...   236 T-A ...
  105.2614  -77.8903  764.0684
    0.1404    0.9717    0.1902
   -0.9560    0.0831    0.2812
    0.2575   -0.2213    0.9406
...   237 C-G ...
  106.1337  -78.2488  767.2944
   -0.4453    0.8558    0.2632
   -0.8531   -0.4948    0.1655
    0.2718   -0.1509    0.9504
...   238 T-A ...
  107.2869  -78.5519  770.4709
   -0.8504    0.4531    0.2674
   -0.4617   -0.8864    0.0338
    0.2524   -0.0947    0.9630
...   239 T-A ...
  108.0908  -78.5918  773.6476
   -0.9615   -0.1424    0.2350
    0.1234   -0.9879   -0.0936
    0.2455   -0.0610    0.9675
...   240 G-C ...
  108.6951  -79.1028  776.9425
   -0.7363   -0.6753    0.0423
    0.6592   -0.7300   -0.1802
    0.1526   -0.1048    0.9827
...   241 G-C ...
  108.7628  -79.2915  780.2500
   -0.2648   -0.9557   -0.1284
    0.9564   -0.2433   -0.1617
    0.1233   -0.1656    0.9784
...   242 T-A ...
  108.6249  -79.6865  783.6636
    0.2728   -0.9398   -0.2060
    0.9555    0.2897   -0.0560
    0.1122   -0.1816    0.9770
...   243 G-C ...
  109.3345  -80.4693  786.8832
    0.7579   -0.5813   -0.2960
    0.6304    0.7693    0.1033
    0.1677   -0.2649    0.9496
...   244 C-G ...
  109.8928  -81.4347  790.0747
    0.9796   -0.0424   -0.1966
    0.0929    0.9623    0.2557
    0.1783   -0.2688    0.9466
...   245 C-G ...
  110.6946  -82.7344  793.0154
    0.8576    0.5075   -0.0835
   -0.4527    0.8218    0.3460
    0.2442   -0.2589    0.9345
...   246 G-C ...
  111.2411  -83.1829  796.4802
    0.4191    0.9056    0.0651
   -0.8589    0.3722    0.3518
    0.2944   -0.2034    0.9338
...   247 A-T ...
  112.1934  -84.0173  799.5936
   -0.1668    0.9683    0.1860
   -0.9459   -0.2104    0.2469
    0.2782   -0.1348    0.9510
...   248 A-T ...
  113.2507  -84.4049  802.6712
   -0.6887    0.6716    0.2731
   -0.6825   -0.7277    0.0686
    0.2448   -0.1391    0.9595
...   249 G-C ...
  113.9998  -84.5808  805.9757
   -0.9624    0.1744    0.2083
   -0.1984   -0.9750   -0.1003
    0.1856   -0.1378    0.9729
...   250 C-G ...
  114.6012  -84.9803  809.2784
   -0.9083   -0.4051    0.1044
    0.3803   -0.9036   -0.1970
    0.1742   -0.1392    0.9748
...   251 C-G ...
  114.7721  -85.1594  812.5827
   -0.5614   -0.8235   -0.0815
    0.8191   -0.5389   -0.1967
    0.1181   -0.1772    0.9771
...   252 G-C ...
  115.6886  -86.0515  815.8795
    0.0075   -0.9684   -0.2495
    0.9953    0.0313   -0.0914
    0.0964   -0.2476    0.9641
...   253 C-G ...
  115.9538  -86.9287  819.1337
    0.5671   -0.7787   -0.2683
    0.8175    0.5717    0.0687
    0.0999   -0.2583    0.9609
...   254 T-A ...
  116.0749  -88.0268  822.3417
    0.9161   -0.3280   -0.2306
    0.3805    0.8924    0.2424
    0.1263   -0.3098    0.9424
...   255 C-G ...
  116.8682  -89.1493  825.4088
    0.9605    0.2583   -0.1037
   -0.2032    0.9053    0.3731
    0.1902   -0.3372    0.9220
...   256 A-T ...
  117.4377  -90.1397  828.5989
    0.6468    0.7618    0.0377
   -0.7104    0.5838    0.3931
    0.2774   -0.2810    0.9187
...   257 A-T ...
  118.4719  -91.1362  831.5446
    0.1112    0.9651    0.2372
   -0.9606    0.0432    0.2744
    0.2545   -0.2584    0.9319
...   258 T-A ...
  119.8758  -91.9287  834.5789
   -0.3967    0.8415    0.3667
   -0.8809   -0.4613    0.1057
    0.2581   -0.2811    0.9243
...   259 T-A ...
  120.8613  -92.6171  837.6275
   -0.8337    0.4208    0.3577
   -0.4804   -0.8720   -0.0936
    0.2725   -0.2499    0.9291
...   260 G-C ...
  121.4269  -93.5830  840.8259
   -0.9805   -0.1319    0.1460
    0.0922   -0.9634   -0.2517
    0.1738   -0.2333    0.9567
...   261 G-C ...
  121.7456  -93.9785  844.1003
   -0.7799   -0.6209   -0.0792
    0.6154   -0.7374   -0.2785
    0.1145   -0.2660    0.9572
...   262 T-A ...
  121.7910  -94.4313  847.5092
   -0.3444   -0.9115   -0.2249
    0.9339   -0.3080   -0.1816
    0.0962   -0.2725    0.9573
...   263 C-G ...
  122.0195  -95.7079  850.6099
    0.2456   -0.9071   -0.3419
    0.9671    0.2534    0.0224
    0.0663   -0.3362    0.9395
...   264 G-C ...
  122.8025  -96.6888  853.9159
    0.7532   -0.5678   -0.3322
    0.6493    0.7227    0.2369
    0.1056   -0.3941    0.9130
...   265 T-A ...
  122.7602  -98.4352  856.8784
    0.9801   -0.1013   -0.1705
    0.1614    0.9068    0.3893
    0.1152   -0.4091    0.9052
...   266 A-T ...
  123.2901  -99.7451  859.9049
    0.8723    0.4887    0.0138
   -0.4441    0.7802    0.4405
    0.2045   -0.3904    0.8976
...   267 G-C ...
  124.2848 -101.0551  862.8725
    0.4761    0.8569    0.1974
   -0.8499    0.3908    0.3535
    0.2258   -0.3361    0.9144
...   268 C-G ...
  125.1185 -102.1809  865.9493
   -0.0895    0.9316    0.3523
   -0.9695   -0.1625    0.1834
    0.2281   -0.3251    0.9177
...   269 A-T ...
  125.7216 -103.3469  869.0732
   -0.6503    0.6976    0.3008
   -0.7363   -0.6763   -0.0235
    0.1870   -0.2367    0.9534
...   270 A-T ...
  126.4370 -103.9999  872.2039
   -0.9601    0.1839    0.2105
   -0.2296   -0.9485   -0.2183
    0.1595   -0.2580    0.9529
...   271 G-C ...
  126.7541 -104.6737  875.5141
   -0.9380   -0.3467    0.0002
    0.3300   -0.8928   -0.3065
    0.1064   -0.2874    0.9519
...   272 C-G ...
  127.0566 -105.6045  878.7500
   -0.5889   -0.7871   -0.1836
    0.8024   -0.5421   -0.2498
    0.0971   -0.2944    0.9507
...   273 T-A ...
  127.0999 -106.4816  882.0273
   -0.0595   -0.9411   -0.3330
    0.9968   -0.0378   -0.0710
    0.0543   -0.3361    0.9402
...   274 C-G ...
  127.3014 -107.9702  885.0339
    0.5172   -0.7734   -0.3664
    0.8547    0.4892    0.1739
    0.0447   -0.4031    0.9141
...   275 T-A ...
  127.2216 -109.5318  888.0450
    0.8971   -0.3621   -0.2532
    0.4366    0.8145    0.3820
    0.0679   -0.4533    0.8888
...   276 A-T ...
  127.6034 -111.0314  891.0051
    0.9719    0.2287   -0.0555
   -0.1743    0.8581    0.4829
    0.1580   -0.4597    0.8739
...   277 C-G ...
  128.5747 -112.8810  893.7370
    0.7344    0.6518    0.1891
   -0.6578    0.6149    0.4350
    0.1673   -0.4439    0.8803
...   278 C-G ...
  129.5944 -114.4248  896.4859
    0.2431    0.9082    0.3407
   -0.9475    0.1472    0.2837
    0.2075   -0.3918    0.8963
...   279 A-T ...
  130.1184 -115.7604  899.5558
   -0.3649    0.8624    0.3509
   -0.9093   -0.4111    0.0647
    0.2000   -0.2954    0.9342
...   280 C-G ...
  131.0594 -116.2639  902.8252
   -0.7899    0.5256    0.3158
   -0.5856   -0.7994   -0.1343
    0.1818   -0.2910    0.9393
...   281 C-G ...
  131.6961 -116.7402  906.0419
   -0.9911    0.0200    0.1315
   -0.0541   -0.9639   -0.2606
    0.1215   -0.2654    0.9564
...   282 G-C ...
  132.1363 -118.2285  909.2194
   -0.8462   -0.5210   -0.1116
